9,
25,
30,
34,
36,
49,
61,
64,
71,
72,
77,
78,
81,
86,
89,
92,
94,
109,
110,
113,
127,
138,
142,
144,
149,
151,
154,
165,
194,
201,
247,
250,
260,
263,
307,
308,
309,
312,
315,
321,
322,
326,
332,
349,
368,
370,
382,
384,
389,
394,
404,
419,
431,
436,
438,
443,
446,
450,
471,
490,
491,
508,
510,
514,
529,
531,
532,
540,
542,
560,
562,
572,
575,
581,
584,
595,
597,
605,
612,
620,
625,
629,
634,
643,
650,
656,
659,
670,
671,
673,
681,
684,
690,
706,
714,
716,
722,
723,
731,
735,
753,
754,
762,
781,
790,
795,
797,
801,
813,
821,
825,
828,
839,
853,
882,
897,
901,
902,
908,
909,
913,
925,
927,
934,
941,
943,
955,
960,
965,
977,
982,
984,
996,
1006,
1011,
1014,
1025,
1036,
1053,
1059
